0 0.6995192307692307 0.6153846153846154 0.14903846153846154 0.27350427350427353
0 0.18269230769230768 0.5811965811965812 0.16346153846153846 0.21367521367521367
0 0.1346153846153846 0.5641025641025641 0.19230769230769232 0.3418803418803419
0 0.3173076923076923 0.41025641025641024 0.3076923076923077 0.4444444444444444
0 0.7259615384615384 0.3547008547008547 0.3894230769230769 0.5256410256410257
0 0.3798076923076923 0.2905982905982906 0.3173076923076923 0.5299145299145299
0 0.15865384615384615 0.23076923076923078 0.16346153846153846 0.36324786324786323
0 0.5432692307692307 0.1752136752136752 0.2403846153846154 0.26495726495726496
0 0.3485576923076923 0.7735042735042735 0.21634615384615385 0.29914529914529914
0 0.5913461538461539 0.7478632478632479 0.14423076923076922 0.41025641025641024
0 0.21394230769230768 0.6794871794871795 0.1201923076923077 0.2948717948717949