5 0.6923076923076923 0.4852941176470588 0.09615384615384616 0.34558823529411764
5 0.59375 0.4852941176470588 0.11057692307692307 0.35294117647058826
5 0.40865384615384615 0.4742647058823529 0.10576923076923077 0.3014705882352941
5 0.07451923076923077 0.22794117647058823 0.11298076923076923 0.35294117647058826
5 0.9266826923076923 0.21507352941176472 0.14182692307692307 0.41544117647058826
5 0.6658653846153846 0.19117647058823528 0.07211538461538461 0.22794117647058823
5 0.3605769230769231 0.19117647058823528 0.09615384615384616 0.22058823529411764
5 0.5 0.18382352941176472 0.0889423076923077 0.2426470588235294
5 0.5865384615384616 0.18382352941176472 0.08173076923076923 0.22794117647058823
5 0.8052884615384616 0.1801470588235294 0.09134615384615384 0.24632352941176472
5 0.15625 0.16544117647058823 0.09134615384615384 0.25735294117647056
5 0.3557692307692308 0.8419117647058824 0.0889423076923077 0.2426470588235294
5 0.6538461538461539 0.8088235294117647 0.12980769230769232 0.3602941176470588
5 0.17307692307692307 0.8051470588235294 0.10576923076923077 0.3161764705882353
5 0.5480769230769231 0.7904411764705882 0.10096153846153846 0.375
5 0.4375 0.7867647058823529 0.10576923076923077 0.3382352941176471
5 0.9026442307692307 0.7738970588235294 0.12740384615384615 0.43014705882352944