5 0.5072115384615384 0.7904411764705882 0.22596153846153846 0.14705882352941177
5 0.5072115384615384 0.6397058823529411 0.23076923076923078 0.16911764705882354
5 0.5144230769230769 0.35661764705882354 0.1971153846153846 0.16176470588235295
5 0.6995192307692307 0.75 0.14903846153846154 0.11029411764705882
5 0.6995192307692307 0.28308823529411764 0.14423076923076922 0.14705882352941177
5 0.7043269230769231 0.4963235294117647 0.15865384615384615 0.1323529411764706
5 0.7043269230769231 0.6286764705882353 0.14903846153846154 0.125
5 0.7079326923076923 0.9411764705882353 0.16105769230769232 0.09558823529411764
5 0.7175480769230769 0.022058823529411766 0.17067307692307693 0.04411764705882353
5 0.27403846153846156 0.2757352941176471 0.15865384615384615 0.1323529411764706
5 0.2956730769230769 0.7316176470588235 0.23557692307692307 0.19852941176470587
5 0.29927884615384615 0.04044117647058824 0.2091346153846154 0.08088235294117647
5 0.3076923076923077 0.5698529411764706 0.24519230769230768 0.15441176470588236
5 0.31009615384615385 0.4007352941176471 0.22115384615384615 0.16176470588235295