5 0.3076923076923077 0.5073529411764706 0.09615384615384616 0.34558823529411764
5 0.40625 0.5073529411764706 0.11057692307692307 0.35294117647058826
5 0.5913461538461539 0.5183823529411765 0.10576923076923077 0.3014705882352941
5 0.9254807692307693 0.7647058823529411 0.11057692307692307 0.35294117647058826
5 0.07211538461538461 0.7794117647058824 0.14423076923076922 0.4117647058823529
5 0.33413461538461536 0.8014705882352942 0.07211538461538461 0.22794117647058823
5 0.6394230769230769 0.8014705882352942 0.09615384615384616 0.22058823529411764
5 0.5 0.8088235294117647 0.08653846153846154 0.2426470588235294
5 0.41346153846153844 0.8088235294117647 0.08173076923076923 0.22794117647058823
5 0.19471153846153846 0.8125 0.09134615384615384 0.2426470588235294
5 0.84375 0.8272058823529411 0.09134615384615384 0.25735294117647056
5 0.6442307692307693 0.15073529411764705 0.08653846153846154 0.2426470588235294
5 0.34615384615384615 0.18382352941176472 0.12980769230769232 0.3602941176470588
5 0.8269230769230769 0.1875 0.10576923076923077 0.3161764705882353
5 0.4519230769230769 0.20220588235294118 0.10096153846153846 0.375
5 0.5625 0.20588235294117646 0.10576923076923077 0.3382352941176471
5 0.0985576923076923 0.21691176470588236 0.125 0.4338235294117647