5 0.6634615384615384 0.47191011235955055 0.08653846153846154 0.651685393258427
5 0.18269230769230768 0.4943820224719101 0.09615384615384616 0.6292134831460674
5 0.2644230769230769 0.4943820224719101 0.07692307692307693 0.7415730337078652
5 0.5817307692307693 0.5056179775280899 0.07692307692307693 0.6629213483146067
5 0.43509615384615385 0.5168539325842697 0.08173076923076923 0.6179775280898876
5 0.0985576923076923 0.5224719101123596 0.10576923076923077 0.6179775280898876
5 0.5144230769230769 0.5337078651685393 0.0673076923076923 0.6179775280898876
5 0.8317307692307693 0.5393258426966292 0.10096153846153846 0.5842696629213483
5 0.7451923076923077 0.5674157303370787 0.09615384615384616 0.5056179775280899
5 0.9182692307692307 0.5842696629213483 0.09615384615384616 0.449438202247191
5 0.35336538461538464 0.6292134831460674 0.13942307692307693 0.4943820224719101