0 0.6899038461538461 0.5897435897435898 0.3076923076923077 0.4444444444444444
0 0.29086538461538464 0.6410256410256411 0.3605769230769231 0.5299145299145299
0 0.6201923076923077 0.7094017094017094 0.32211538461538464 0.49572649572649574
0 0.8413461538461539 0.7692307692307693 0.16346153846153846 0.39316239316239315
0 0.4182692307692308 0.8162393162393162 0.20192307692307693 0.26495726495726496
0 0.6538461538461539 0.23931623931623933 0.23076923076923078 0.2905982905982906
0 0.40865384615384615 0.24786324786324787 0.14423076923076922 0.4017094017094017
0 0.46153846153846156 0.2905982905982906 0.18269230769230768 0.3247863247863248
0 0.7860576923076923 0.32051282051282054 0.1346153846153846 0.29914529914529914
0 0.28365384615384615 0.37606837606837606 0.11538461538461539 0.26495726495726496
0 0.8341346153846154 0.41452991452991456 0.1346153846153846 0.20512820512820512
0 0.8701923076923077 0.44871794871794873 0.19230769230769232 0.3162393162393162