5 0.9302884615384616 0.5310077519379846 0.08173076923076923 0.5503875968992248
5 0.7788461538461539 0.5426356589147286 0.0673076923076923 0.5271317829457365
5 0.8509615384615384 0.5503875968992248 0.07211538461538461 0.5116279069767442
5 0.5096153846153846 0.5581395348837209 0.057692307692307696 0.4806201550387597
5 0.7115384615384616 0.562015503875969 0.0673076923076923 0.4728682170542636
5 0.5745192307692307 0.5658914728682171 0.07211538461538461 0.4806201550387597
5 0.44711538461538464 0.5697674418604651 0.0673076923076923 0.46511627906976744
5 0.6442307692307693 0.5697674418604651 0.0625 0.4728682170542636
5 0.38461538461538464 0.5813953488372093 0.057692307692307696 0.4496124031007752
5 0.2644230769230769 0.5930232558139535 0.0673076923076923 0.4263565891472868
5 0.3269230769230769 0.6085271317829457 0.0673076923076923 0.3953488372093023
5 0.20192307692307693 0.6162790697674418 0.0673076923076923 0.3875968992248062
5 0.14423076923076922 0.6434108527131783 0.057692307692307696 0.34108527131782945
5 0.07451923076923077 0.6589147286821705 0.07692307692307693 0.32558139534883723