5 0.0673076923076923 0.46511627906976744 0.08413461538461539 0.5503875968992248
5 0.21875 0.45348837209302323 0.06971153846153846 0.5271317829457365
5 0.1466346153846154 0.44573643410852715 0.07211538461538461 0.5116279069767442
5 0.4879807692307692 0.437984496124031 0.057692307692307696 0.4806201550387597
5 0.2860576923076923 0.43410852713178294 0.0673076923076923 0.4728682170542636
5 0.4230769230769231 0.43023255813953487 0.07211538461538461 0.4806201550387597
5 0.5504807692307693 0.4263565891472868 0.0673076923076923 0.46511627906976744
5 0.35336538461538464 0.4263565891472868 0.0625 0.4728682170542636
5 0.6129807692307693 0.41472868217054265 0.057692307692307696 0.4496124031007752
5 0.7331730769230769 0.40310077519379844 0.0673076923076923 0.4263565891472868
5 0.6706730769230769 0.3875968992248062 0.0673076923076923 0.3953488372093023
5 0.7956730769230769 0.3798449612403101 0.0673076923076923 0.3875968992248062
5 0.8533653846153846 0.35271317829457366 0.057692307692307696 0.34108527131782945
5 0.9230769230769231 0.3372093023255814 0.07692307692307693 0.32558139534883723