6 0.14393939393939395 0.1935096153846154 0.10303030303030303 0.0673076923076923
6 0.14696969696969697 0.3473557692307692 0.10303030303030303 0.057692307692307696
6 0.14696969696969697 0.8137019230769231 0.10909090909090909 0.052884615384615384
6 0.15 0.6574519230769231 0.10303030303030303 0.0673076923076923
6 0.15606060606060607 0.4963942307692308 0.09090909090909091 0.07692307692307693
6 0.32272727272727275 0.35216346153846156 0.12121212121212122 0.08653846153846154
6 0.32272727272727275 0.5108173076923077 0.12121212121212122 0.07692307692307693
6 0.32575757575757575 0.19831730769230768 0.12121212121212122 0.08653846153846154
6 0.33181818181818185 0.6574519230769231 0.09090909090909091 0.10096153846153846
6 0.33484848484848484 0.8088942307692307 0.08484848484848485 0.09615384615384616
6 0.5409090909090909 0.6574519230769231 0.12121212121212122 0.10096153846153846
6 0.543939393939394 0.5084134615384616 0.1393939393939394 0.09134615384615384
6 0.543939393939394 0.8137019230769231 0.11515151515151516 0.11057692307692307
6 0.543939393939394 0.35216346153846156 0.1393939393939394 0.10576923076923077
6 0.556060606060606 0.18870192307692307 0.11515151515151516 0.11538461538461539
6 0.7681818181818182 0.2776442307692308 0.11515151515151516 0.08173076923076923
6 0.7681818181818182 0.4579326923076923 0.11515151515151516 0.07692307692307693
6 0.7712121212121212 0.6310096153846154 0.10909090909090909 0.07211538461538461
6 0.7803030303030303 0.7992788461538461 0.09090909090909091 0.0673076923076923
6 0.95 0.6286057692307693 0.08787878787878788 0.10336538461538461
6 0.9454545454545454 0.2800480769230769 0.09696969696969697 0.13701923076923078
6 0.9484848484848485 0.45552884615384615 0.09090909090909091 0.12259615384615384
6 0.9545454545454546 0.8040865384615384 0.07878787878787878 0.0889423076923077