6 0.3783783783783784 0.21634615384615385 0.21621621621621623 0.11538461538461539
6 0.13175675675675674 0.2283653846153846 0.22297297297297297 0.11057692307692307
6 0.6114864864864865 0.24519230769230768 0.20945945945945946 0.15384615384615385
6 0.19594594594594594 0.5048076923076923 0.3108108108108108 0.3173076923076923
6 0.46283783783783783 0.5144230769230769 0.23648648648648649 0.11538461538461539
6 0.8243243243243243 0.5168269230769231 0.25675675675675674 0.125
6 0.6081081081081081 0.057692307692307696 0.18243243243243243 0.10096153846153846
6 0.125 0.06009615384615385 0.14189189189189189 0.09134615384615384
6 0.847972972972973 0.0625 0.16891891891891891 0.11538461538461539
6 0.36486486486486486 0.0625 0.16891891891891891 0.08173076923076923
6 0.125 0.7379807692307693 0.1891891891891892 0.16346153846153846
6 0.6114864864864865 0.7403846153846154 0.19594594594594594 0.16346153846153846
6 0.8631756756756757 0.9086538461538461 0.26013513513513514 0.1778846153846154
6 0.3783783783783784 0.9134615384615384 0.22972972972972974 0.16346153846153846