6 0.3798076923076923 0.11194029850746269 0.10576923076923077 0.0845771144278607
6 0.13221153846153846 0.11442786069651742 0.1201923076923077 0.08955223880597014
6 0.38221153846153844 0.31840796019900497 0.14903846153846154 0.13930348258706468
6 0.8533653846153846 0.3208955223880597 0.1971153846153846 0.13930348258706468
6 0.13701923076923078 0.3283582089552239 0.15384615384615385 0.08955223880597014
6 0.6225961538461539 0.3308457711442786 0.1971153846153846 0.13432835820895522
6 0.8485576923076923 0.572139303482587 0.12980769230769232 0.14925373134328357
6 0.6057692307692307 0.582089552238806 0.13942307692307693 0.12935323383084577
6 0.13701923076923078 0.582089552238806 0.14903846153846154 0.13432835820895522
6 0.38461538461538464 0.582089552238806 0.15384615384615385 0.13930348258706468
6 0.7307692307692307 0.7985074626865671 0.20192307692307693 0.14427860696517414
6 0.4951923076923077 0.8009950248756219 0.15384615384615385 0.14925373134328357
6 0.25 0.8109452736318408 0.125 0.12935323383084577
6 0.6057692307692307 0.0945273631840796 0.11538461538461539 0.09950248756218906
6 0.8485576923076923 0.09950248756218906 0.10576923076923077 0.14925373134328357