6 0.6201923076923077 0.8855721393034826 0.10576923076923077 0.0845771144278607
6 0.8677884615384616 0.8830845771144279 0.1201923076923077 0.08955223880597014
6 0.6177884615384616 0.6791044776119403 0.14903846153846154 0.13930348258706468
6 0.1466346153846154 0.6766169154228856 0.1971153846153846 0.13930348258706468
6 0.8629807692307693 0.6691542288557214 0.15384615384615385 0.09203980099502487
6 0.37740384615384615 0.6666666666666666 0.1971153846153846 0.13432835820895522
6 0.15144230769230768 0.4253731343283582 0.12980769230769232 0.14925373134328357
6 0.3942307692307692 0.4154228855721393 0.13942307692307693 0.12935323383084577
6 0.8629807692307693 0.4154228855721393 0.14903846153846154 0.13432835820895522
6 0.6153846153846154 0.4154228855721393 0.15384615384615385 0.13930348258706468
6 0.2692307692307692 0.19900497512437812 0.20192307692307693 0.14427860696517414
6 0.5048076923076923 0.19651741293532338 0.15625 0.14925373134328357
6 0.75 0.1865671641791045 0.125 0.1318407960199005
6 0.3942307692307692 0.9029850746268657 0.11538461538461539 0.09950248756218906
6 0.15144230769230768 0.8980099502487562 0.10576923076923077 0.14925373134328357