6 0.12620192307692307 0.6231343283582089 0.08173076923076923 0.10945273631840796
6 0.12860576923076922 0.8793532338308457 0.08653846153846154 0.12437810945273632
6 0.32572115384615385 0.6206467661691543 0.1346153846153846 0.15422885572139303
6 0.328125 0.13308457711442787 0.1346153846153846 0.20398009950248755
6 0.33533653846153844 0.8743781094527363 0.08653846153846154 0.15920398009950248
6 0.33774038461538464 0.3718905472636816 0.12980769230769232 0.20398009950248755
6 0.5709134615384616 0.13805970149253732 0.14423076923076922 0.13432835820895522
6 0.5805288461538461 0.38930348258706465 0.125 0.14427860696517414
6 0.5805288461538461 0.8743781094527363 0.12980769230769232 0.15422885572139303
6 0.5805288461538461 0.6181592039800995 0.1346153846153846 0.15920398009950248
6 0.7896634615384616 0.2599502487562189 0.13942307692307693 0.208955223880597
6 0.7920673076923077 0.503731343283582 0.14423076923076922 0.15920398009950248
6 0.8016826923076923 0.7574626865671642 0.125 0.12935323383084577
6 0.109375 0.38930348258706465 0.09615384615384616 0.11940298507462686
6 0.1141826923076923 0.13805970149253732 0.14423076923076922 0.10945273631840796