2 0.24519230769230768 0.592 0.08653846153846154 0.28
2 0.15144230769230768 0.472 0.19230769230769232 0.792
2 0.08173076923076923 0.436 0.15384615384615385 0.816
2 0.90625 0.412 0.17307692307692307 0.676
2 0.8389423076923077 0.344 0.13942307692307693 0.664
2 0.17548076923076922 0.328 0.11538461538461539 0.584
2 0.47115384615384615 0.292 0.14423076923076922 0.576
2 0.29086538461538464 0.252 0.09134615384615384 0.448
2 0.6418269230769231 0.224 0.14903846153846154 0.432
2 0.3629807692307692 0.196 0.12980769230769232 0.368
2 0.7740384615384616 0.736 0.1346153846153846 0.312