0 0.6899038461538461 0.5503355704697986 0.14903846153846154 0.2550335570469799
0 0.6862980769230769 0.04530201342281879 0.14182692307692307 0.09060402684563758
0 0.6730769230769231 0.34563758389261745 0.13942307692307693 0.22818791946308725
0 0.8329326923076923 0.06208053691275168 0.05048076923076923 0.12416107382550336
0 0.8233173076923077 0.41778523489932884 0.06490384615384616 0.41946308724832215
0 0.5204326923076923 0.8137583892617449 0.34375 0.3523489932885906
0 0.5 0.3691275167785235 0.3942307692307692 0.4429530201342282
0 0.8137019230769231 0.7885906040268457 0.08413461538461539 0.2550335570469799
0 0.36658653846153844 0.8640939597315436 0.19471153846153846 0.2516778523489933
0 0.3557692307692308 0.20469798657718122 0.4182692307692308 0.40939597315436244
0 0.27884615384615385 0.39932885906040266 0.14903846153846154 0.2684563758389262
0 0.7944711538461539 0.9546979865771812 0.12740384615384615 0.07046979865771812
0 0.23798076923076922 0.03691275167785235 0.18269230769230768 0.0738255033557047
0 0.21153846153846154 0.9043624161073825 0.12980769230769232 0.17114093959731544
0 0.17548076923076922 0.4563758389261745 0.057692307692307696 0.3221476510067114
0 0.7163461538461539 0.7483221476510067 0.1346153846153846 0.21476510067114093
0 0.7043269230769231 0.2080536912751678 0.14903846153846154 0.24161073825503357