0 0.31009615384615385 0.4429530201342282 0.14903846153846154 0.2550335570469799
0 0.3161057692307692 0.947986577181208 0.14182692307692307 0.08389261744966443
0 0.3269230769230769 0.6476510067114094 0.13942307692307693 0.22818791946308725
0 0.16947115384615385 0.9312080536912751 0.05048076923076923 0.1174496644295302
0 0.17668269230769232 0.575503355704698 0.06490384615384616 0.41946308724832215
0 0.48197115384615385 0.17953020134228187 0.34375 0.35906040268456374
0 0.5 0.6241610738255033 0.3942307692307692 0.4429530201342282
0 0.18629807692307693 0.20469798657718122 0.08413461538461539 0.2550335570469799
0 0.6358173076923077 0.12919463087248323 0.19471153846153846 0.25838926174496646
0 0.6466346153846154 0.7885906040268457 0.4182692307692308 0.40268456375838924
0 0.7211538461538461 0.5939597315436241 0.14903846153846154 0.2684563758389262
0 0.20793269230769232 0.03859060402684564 0.12740384615384615 0.07718120805369127
0 0.7644230769230769 0.9563758389261745 0.18269230769230768 0.06711409395973154
0 0.7908653846153846 0.08892617449664429 0.12980769230769232 0.17785234899328858
0 0.8245192307692307 0.5369127516778524 0.057692307692307696 0.3221476510067114
0 0.28365384615384615 0.24496644295302014 0.1346153846153846 0.21476510067114093
0 0.2956730769230769 0.785234899328859 0.14903846153846154 0.24161073825503357