0 0.8092948717948718 0.4387019230769231 0.375 0.31971153846153844
0 0.8189102564102564 0.5492788461538461 0.3557692307692308 0.33413461538461536
0 0.8028846153846154 0.5805288461538461 0.38782051282051283 0.3581730769230769
0 0.8060897435897436 0.5204326923076923 0.3814102564102564 0.3581730769230769
0 0.6538461538461539 0.5456730769230769 0.24358974358974358 0.40865384615384615
0 0.6153846153846154 0.5600961538461539 0.2948717948717949 0.4182692307692308
0 0.4807692307692308 0.49278846153846156 0.1282051282051282 0.3894230769230769
0 0.4166666666666667 0.5697115384615384 0.1794871794871795 0.4375
0 0.3301282051282051 0.42788461538461536 0.1858974358974359 0.3557692307692308
0 0.23076923076923078 0.5288461538461539 0.3076923076923077 0.40865384615384615
0 0.16666666666666666 0.7127403846153846 0.3333333333333333 0.21875
0 0.16987179487179488 0.4338942307692308 0.33974358974358976 0.4110576923076923
0 0.9791666666666666 0.5420673076923077 0.035256410256410256 0.16105769230769232