6 0.7935483870967742 0.7331730769230769 0.34838709677419355 0.2403846153846154
6 0.1967741935483871 0.7259615384615384 0.3870967741935484 0.2548076923076923
6 0.5129032258064516 0.71875 0.34838709677419355 0.2548076923076923
6 0.8064516129032258 0.5480769230769231 0.34838709677419355 0.23557692307692307
6 0.5741935483870968 0.49038461538461536 0.2903225806451613 0.25
6 0.24516129032258063 0.4879807692307692 0.4774193548387097 0.4182692307692308
6 0.714516129032258 0.3137019230769231 0.5516129032258065 0.2860576923076923
6 0.27419354838709675 0.1875 0.5419354838709678 0.3581730769230769
6 0.8693548387096774 0.9146634615384616 0.24193548387096775 0.1658653846153846
6 0.8693548387096774 0.11658653846153846 0.24193548387096775 0.22355769230769232
6 0.6129032258064516 0.08173076923076923 0.3032258064516129 0.15384615384615385
6 0.1435483870967742 0.8930288461538461 0.2806451612903226 0.2091346153846154
6 0.3870967741935484 0.8942307692307693 0.34838709677419355 0.20192307692307693
6 0.6370967741935484 0.8882211538461539 0.29354838709677417 0.21875
6 0.6306451612903226 0.8858173076923077 0.2870967741935484 0.22355769230769232