0 0.5833333333333334 0.7644230769230769 0.4230769230769231 0.34615384615384615
0 0.4358974358974359 0.7475961538461539 0.4423076923076923 0.28365384615384615
0 0.3942307692307692 0.7379807692307693 0.47435897435897434 0.3125
0 0.47435897435897434 0.7331730769230769 0.4775641025641026 0.2932692307692308
0 0.4391025641025641 0.6153846153846154 0.5448717948717948 0.18269230769230768
0 0.4198717948717949 0.5865384615384616 0.5576923076923077 0.22115384615384615
0 0.5096153846153846 0.4855769230769231 0.5192307692307693 0.09615384615384616
0 0.40705128205128205 0.4375 0.5833333333333334 0.13701923076923078
0 0.5961538461538461 0.37259615384615385 0.47435897435897434 0.13942307692307693
0 0.46153846153846156 0.2980769230769231 0.5448717948717948 0.23076923076923078
0 0.21794871794871795 0.20432692307692307 0.28846153846153844 0.33653846153846156
0 0.5897435897435898 0.19951923076923078 0.5448717948717948 0.3557692307692308
0 0.44551282051282054 0.9110576923076923 0.21474358974358973 0.12980769230769232