6 0.8096774193548387 0.27884615384615385 0.3225806451612903 0.25961538461538464
6 0.8 0.7235576923076923 0.3419354838709677 0.28846153846153844
6 0.7903225806451613 0.4879807692307692 0.3419354838709677 0.25961538461538464
6 0.5612903225806452 0.2692307692307692 0.3161290322580645 0.25961538461538464
6 0.4838709677419355 0.4423076923076923 0.33548387096774196 0.21634615384615385
6 0.4806451612903226 0.6875 0.5612903225806452 0.3557692307692308
6 0.24516129032258063 0.33653846153846156 0.38064516129032255 0.41346153846153844
6 0.1596774193548387 0.6670673076923077 0.3193548387096774 0.40625
6 0.9661290322580646 0.2247596153846154 0.04838709677419355 0.18028846153846154
6 0.06612903225806452 0.22235576923076922 0.13225806451612904 0.18509615384615385
6 0.020967741935483872 0.41466346153846156 0.041935483870967745 0.2283653846153846
6 0.9370967741935484 0.765625 0.1064516129032258 0.2091346153846154
6 0.9403225806451613 0.5829326923076923 0.1 0.2620192307692308
6 0.9306451612903226 0.39783653846153844 0.11935483870967742 0.21875
6 0.9274193548387096 0.4026442307692308 0.12580645161290321 0.21394230769230768